Date,0.25,0.6,1,2,3,5,7,10
46096,0.046025,0.0463708333333333,0.0481,0.0496,0.0511333333333333,0.0519,0.05318,0.0551
46089,0.046025,0.0461875,0.047,0.0494,0.0509333333333333,0.0517,0.05286,0.0546
46082,0.046025,0.0460875,0.0464,0.0479,0.0497,0.0506,0.0519,0.05385
46075,0.046025,0.0458391666666667,0.04491,0.0471,0.0486,0.04935,0.05071,0.05275
46068,0.046025,0.0458208333333333,0.0448,0.047,0.0486666666666667,0.0495,0.05082,0.0528
46061,0.046025,0.0457791666666667,0.04455,0.04675,0.0487166666666667,0.0497,0.05102,0.053
46054,0.046025,0.0457875,0.0446,0.0462,0.0485,0.04965,0.05105,0.05315
46047,0.0461666666666667,0.0458555555555556,0.0443,0.0459,0.0483,0.0495,0.05106,0.0534
46040,0.0461666666666667,0.0457055555555556,0.0434,0.0461,0.0490666666666667,0.05055,0.05167,0.05335
46033,0.0461666666666667,0.0457805555555556,0.04385,0.0455,0.049,0.05075,0.05179,0.05335
46026,0.0461666666666667,0.0456722222222222,0.0432,0.0442,0.0483,0.05035,0.05149,0.0532
46019,0.0468210526315789,0.0463092105263158,0.04375,0.04705,0.0501833333333333,0.05175,0.05265,0.054
46012,0.0468210526315789,0.0463925438596491,0.04425,0.0478,0.0506,0.052,0.05282,0.05405
46005,0.0468210526315789,0.0462508771929824,0.0434,0.0477,0.0502333333333333,0.0515,0.05248,0.05395
45998,0.0468210526315789,0.0461425438596491,0.04275,0.04775,0.0500166666666667,0.05115,0.05197,0.0532
45991,0.047321052631579,0.0467425438596492,0.04385,0.0478,0.0500666666666667,0.0512,0.05204,0.0533
45984,0.047321052631579,0.0468175438596492,0.0443,0.04855,0.0503166666666667,0.0512,0.052,0.0532
45977,0.047321052631579,0.0468008771929825,0.0442,0.04855,0.05045,0.0514,0.05224,0.0535
45970,0.047321052631579,0.0469342105263158,0.045,0.0481,0.0506666666666667,0.05195,0.05281,0.0541
45963,0.047321052631579,0.0470092105263158,0.04545,0.0494,0.0520333333333333,0.05335,0.05405,0.0551
45956,0.0473428571428571,0.0470190476190476,0.0454,0.0493,0.0520666666666667,0.05345,0.05407,0.055
45949,0.0473428571428571,0.0471523809523809,0.0462,0.0495,0.0522666666666667,0.05365,0.05427,0.0552
45942,0.0473428571428571,0.0471690476190476,0.0463,0.0502,0.0523666666666667,0.05345,0.05423,0.0554
45935,0.0473428571428571,0.0471857142857143,0.0464,0.0507,0.0527333333333333,0.05375,0.05449,0.0556
45928,0.047035,0.0468791666666667,0.0461,0.0501,0.0524333333333333,0.0536,0.0544,0.0556
45921,0.047035,0.0470458333333333,0.0471,0.0507,0.0527333333333333,0.05375,0.05457,0.0558
45914,0.047035,0.0468791666666667,0.0461,0.0502,0.0522666666666667,0.0533,0.0541,0.0553
45907,0.047035,0.0470291666666667,0.047,0.0506,0.0524333333333333,0.05335,0.05441,0.056
45900,0.0473157894736842,0.0472381578947368,0.04685,0.0501,0.0524666666666667,0.05365,0.05459,0.056
45893,0.0473157894736842,0.0473131578947368,0.0473,0.0504,0.0526333333333333,0.05375,0.05473,0.0562
45886,0.0473157894736842,0.0472714912280702,0.04705,0.0505,0.0527333333333333,0.05385,0.05471,0.056
45879,0.0473157894736842,0.0472714912280702,0.04705,0.0503,0.0527333333333333,0.05395,0.05473,0.0559
45872,0.0473157894736842,0.0472631578947368,0.047,0.0507,0.0529,0.054,0.05476,0.0559
45865,0.0493809523809524,0.048884126984127,0.0464,0.0509,0.0531333333333333,0.05425,0.05507,0.0563
45858,0.0493809523809524,0.0490507936507937,0.0474,0.0512,0.0535333333333333,0.0547,0.05506,0.0556
45851,0.0493809523809524,0.049059126984127,0.04745,0.0521,0.0541,0.0551,0.0555,0.0561
45844,0.0493809523809524,0.0492507936507937,0.0486,0.0511,0.0534,0.05455,0.05513,0.056
45837,0.04973,0.0491833333333333,0.04645,0.0506,0.0516666666666667,0.0522,0.05384,0.0563
45830,0.04973,0.049075,0.0458,0.0513,0.0523666666666667,0.0529,0.05442,0.0567
45823,0.04973,0.049025,0.0455,0.0517,0.0527666666666667,0.0533,0.05474,0.0569
45816,0.04973,0.049025,0.0455,0.052,0.0530666666666667,0.0536,0.05516,0.0575
45809,0.04973,0.0490916666666667,0.0459,0.0521,0.0531666666666667,0.0537,0.05522,0.0575
45802,0.05005,0.0492083333333333,0.045,0.0527,0.0537666666666667,0.0543,0.05562,0.0576
45795,0.05005,0.049375,0.046,0.0538,0.0548666666666667,0.0554,0.05624,0.0575
45788,0.05005,0.049125,0.0445,0.0529,0.0539666666666667,0.0545,0.05562,0.0573
45781,0.05005,0.0494083333333333,0.0462,0.0529,0.0539666666666667,0.0545,0.05562,0.0573
45774,0.0505619047619048,0.0495015873015873,0.0442,0.0523,0.0533666666666667,0.0539,0.05526,0.0573
45767,0.0505619047619048,0.0495349206349207,0.0444,0.0522,0.0532666666666667,0.0538,0.05456,0.0557
45760,0.0505619047619048,0.049568253968254,0.0446,0.0524,0.0534666666666667,0.054,0.05496,0.0564
45753,0.0505619047619048,0.0493349206349207,0.0432,0.0527,0.0537666666666667,0.0543,0.05474,0.0554
45746,0.0510714285714286,0.0499761904761905,0.0445,0.0529,0.0539666666666667,0.0545,0.0551,0.056
45739,0.0510714285714286,0.0505928571428572,0.0482,0.0554,0.0564666666666667,0.057,0.05748,0.0582
45732,0.0510714285714286,0.0506761904761905,0.0487,0.0549,0.0559666666666667,0.0565,0.05686,0.0574
45725,0.0510714285714286,0.0507261904761905,0.049,0.0549,0.0559666666666667,0.0565,0.05726,0.0584
45718,0.0510714285714286,0.0508261904761905,0.0496,0.0558,0.0568666666666667,0.0574,0.058,0.0589
45711,0.05151,0.051225,0.0498,0.0577,0.0587666666666667,0.0593,0.05934,0.0594
45704,0.05151,0.051375,0.0507,0.0577,0.0587666666666667,0.0593,0.05954,0.0599
45697,0.05151,0.0515583333333333,0.0518,0.0596,0.0606666666666667,0.0612,0.06068,0.0599
45690,0.05151,0.0513916666666667,0.0508,0.0575,0.0585666666666667,0.0591,0.05926,0.0595
45683,0.0513227272727273,0.0512689393939394,0.051,0.0589,0.0599666666666667,0.0605,0.06018,0.0597
45676,0.0513227272727273,0.0511522727272728,0.0503,0.0569,0.0579666666666667,0.0585,0.05898,0.0597
45669,0.0513227272727273,0.0511856060606061,0.0505,0.0562,0.0572666666666667,0.0578,0.05864,0.0599
45662,0.0513227272727273,0.0510689393939394,0.0498,0.0562,0.0572666666666667,0.0578,0.05844,0.0594
45655,0.05181,0.0513416666666667,0.049,0.057,0.0580666666666667,0.0586,0.05852,0.0584
45648,0.05181,0.0515083333333333,0.05,0.0566,0.0576666666666667,0.0582,0.05828,0.0584
45641,0.05181,0.051325,0.0489,0.0541,0.0551666666666667,0.0557,0.0557,0.0557
45634,0.05181,0.051425,0.0495,0.053,0.0540666666666667,0.0546,0.05484,0.0552
45627,0.05181,0.051425,0.0495,0.0524,0.0534666666666667,0.054,0.0542,0.0545
45620,0.052265,0.0521041666666667,0.0513,0.0544,0.0554666666666667,0.056,0.05608,0.0562
45613,0.052265,0.0521208333333333,0.0514,0.0548,0.0558666666666667,0.0564,0.05612,0.0557
45606,0.052265,0.0519708333333333,0.0505,0.0545,0.0555666666666667,0.0561,0.05578,0.0553
45599,0.052265,0.0516708333333333,0.0487,0.054,0.0550666666666667,0.0556,0.05556,0.0555
45592,0.052552380952381,0.0516603174603175,0.0472,0.0535,0.0545666666666667,0.0551,0.05486,0.0545
45585,0.052552380952381,0.0519269841269842,0.0488,0.0524,0.0534666666666667,0.054,0.05396,0.0539
45578,0.052552380952381,0.0521269841269842,0.05,0.0505,0.0513666666666667,0.0518,0.0524,0.0533
45571,0.052552380952381,0.0519269841269842,0.0488,0.0511,0.0519,0.0523,0.05322,0.0546
45564,0.05455,0.0535083333333333,0.0483,0.0508,0.0516,0.052,0.05292,0.0543
45557,0.05455,0.053525,0.0484,0.052,0.0520666666666667,0.0521,0.05286,0.054
45550,0.05455,0.0532583333333333,0.0468,0.0498,0.0510666666666667,0.0517,0.05202,0.0525
45543,0.05455,0.0532916666666667,0.047,0.0514,0.0517333333333333,0.0519,0.05218,0.0526
45536,0.05455,0.0534583333333333,0.048,0.051,0.0524666666666667,0.0532,0.05344,0.0538
45529,0.0569333333333333,0.0563111111111111,0.0532,0.0529,0.0544333333333333,0.0552,0.05528,0.0554
45522,0.0569333333333333,0.0562277777777778,0.0527,0.0528,0.0548,0.0558,0.05604,0.0564
45515,0.0569333333333333,0.0563111111111111,0.0532,0.0528,0.0552666666666667,0.0565,0.05674,0.0571
45508,0.0569333333333333,0.0561944444444444,0.0525,0.0523,0.0555666666666667,0.0572,0.05768,0.0584
45501,0.0569181818181818,0.0557651515151515,0.05,0.0503,0.0551666666666667,0.0576,0.0582,0.0591
45494,0.0569181818181818,0.0558318181818182,0.0504,0.0491,0.0551,0.0581,0.05894,0.0602
45487,0.0569181818181818,0.0560984848484848,0.052,0.0488,0.0549333333333333,0.058,0.05896,0.0604
45480,0.0569181818181818,0.0554818181818182,0.0483,0.048,0.0547333333333333,0.0581,0.05918,0.0608
45473,0.0581684210526316,0.0564736842105263,0.048,0.0483,0.0555,0.0591,0.06018,0.0618
45466,0.0581684210526316,0.0562736842105263,0.0468,0.0479,0.0559,0.0599,0.06074,0.062
45459,0.0581684210526316,0.0563570175438597,0.0473,0.0474,0.0548,0.0585,0.05942,0.0608
45452,0.0581684210526316,0.056140350877193,0.046,0.0465,0.0533,0.0567,0.05782,0.0595
45445,0.0581684210526316,0.0565736842105263,0.0486,0.0473,0.0533,0.0563,0.05754,0.0594
45438,0.0613523809523809,0.0593769841269841,0.0495,0.0484,0.0546,0.0577,0.05874,0.0603
45431,0.0613523809523809,0.0596103174603174,0.0509,0.0487,0.0543666666666667,0.0572,0.05808,0.0594
45424,0.0613523809523809,0.0600436507936507,0.0535,0.0529,0.0559666666666667,0.0575,0.05822,0.0593
45417,0.0613523809523809,0.0603769841269841,0.0555,0.0552,0.0571333333333333,0.0581,0.05878,0.0598
45410,0.0628272727272727,0.0616727272727272,0.0559,0.0567,0.0583666666666667,0.0592,0.05984,0.0608
45403,0.0628272727272727,0.0619227272727272,0.0574,0.0578,0.0596666666666667,0.0606,0.06084,0.0612
45396,0.0628272727272727,0.0619393939393939,0.0575,0.0576,0.0602666666666667,0.0616,0.0618,0.0621
45389,0.0628272727272727,0.0616060606060606,0.0555,0.0558,0.0584666666666667,0.0598,0.06012,0.0606
45382,0.067915,0.0662458333333333,0.0579,0.0557,0.0579666666666667,0.0591,0.05922,0.0594
45375,0.067915,0.0662125,0.0577,0.0572,0.0579333333333333,0.0583,0.05834,0.0584
45368,0.067915,0.0659625,0.0562,0.0556,0.0570666666666667,0.0578,0.05792,0.0581
45361,0.067915,0.0659125,0.0559,0.054,0.0558666666666667,0.0568,0.05712,0.0576
45354,0.067915,0.0657625,0.055,0.0526,0.0544,0.0553,0.0557,0.0563
45347,0.0694619047619048,0.066868253968254,0.0539,0.0533,0.0553,0.0563,0.05646,0.0567
45340,0.0694619047619048,0.0667015873015873,0.0529,0.0522,0.0536666666666667,0.0544,0.0548,0.0554
45333,0.0694619047619048,0.066968253968254,0.0545,0.0523,0.0535666666666667,0.0542,0.05464,0.0553
45326,0.0694619047619048,0.0670515873015873,0.055,0.0518,0.0527333333333333,0.0532,0.0538,0.0547
45319,0.0764363636363636,0.0728636363636363,0.055,0.051,0.0520666666666667,0.0526,0.05304,0.0537
45312,0.0764363636363636,0.073230303030303,0.0572,0.0525,0.0534333333333333,0.0539,0.05422,0.0547
45305,0.0764363636363636,0.073630303030303,0.0596,0.0536,0.0542666666666667,0.0546,0.05484,0.0552
45298,0.0764363636363636,0.073830303030303,0.0608,0.0537,0.0543,0.0546,0.05472,0.0549
45291,0.0831368421052632,0.079730701754386,0.0627,0.0546,0.055,0.0552,0.05528,0.0554
45284,0.0831368421052632,0.079630701754386,0.0621,0.0541,0.0537666666666667,0.0536,0.05356,0.0535
45277,0.0831368421052632,0.0786973684210527,0.0565,0.0537,0.0537,0.0537,0.0537,0.0537
45270,0.0831368421052632,0.0790973684210527,0.0589,0.054,0.0541333333333333,0.0542,0.05424,0.0543
45263,0.0831368421052632,0.0796640350877193,0.0623,0.056,0.0558666666666667,0.0558,0.05588,0.056
45256,0.0877095238095238,0.0835912698412698,0.063,0.0558,0.0561333333333333,0.0563,0.05634,0.0564
45249,0.0877095238095238,0.0840579365079365,0.0658,0.0577,0.0575666666666667,0.0575,0.05758,0.0577
45242,0.0877095238095238,0.0842579365079365,0.067,0.0609,0.0593666666666667,0.0586,0.05844,0.0582
45235,0.0877095238095238,0.0848746031746032,0.0707,0.0646,0.0628,0.0619,0.06182,0.0617
45228,0.09057,0.087425,0.0717,0.0651,0.0640333333333333,0.0635,0.06326,0.0629
45221,0.09057,0.0877916666666667,0.0739,0.0693,0.0683,0.0678,0.06732,0.0666
45214,0.09057,0.087975,0.075,0.0705,0.0682,0.0672,0.06652,0.0655
45207,0.09057,0.0905916666666667,0.0907,0.06683,0.0682,0.06318,0.063308,0.0635
45200,0.09057,0.0906083333333333,0.0908,0.08,0.0695,0.0654,0.06512,0.0647
45193,0.0927052631578947,0.0913877192982456,0.0848,0.0775,0.0674,0.0635,0.0631,0.0625
45186,0.0927052631578947,0.0908043859649122,0.0813,0.0753,0.0615,0.0597,0.05966,0.0596
45179,0.0927052631578947,0.0906043859649122,0.0801,0.069,0.0606,0.059,0.05896,0.0589
45172,0.0927052631578947,0.0905377192982456,0.0797,0.072,0.0589,0.0581,0.05818,0.0583
45165,0.0969545454545455,0.0933787878787879,0.0755,0.0659,0.0589,0.0572,0.05724,0.0573
45158,0.0969545454545455,0.0939121212121213,0.0787,0.0675,0.0587,0.057,0.05704,0.0571
45151,0.0969545454545455,0.0948621212121212,0.0844,0.072,0.056,0.0579,0.05754,0.057
45144,0.0969545454545455,0.0953787878787879,0.0875,0.0724,0.0548,0.055,0.05512,0.0553
45137,0.105057894736841,0.101148245614034,0.0816,0.0674,0.0532,0.0542,0.05424,0.0543
45130,0.105057894736841,0.102464912280701,0.0895,0.0736,0.0544,0.0543,0.05414,0.0539
45123,0.105057894736841,0.101314912280701,0.0826,0.069,0.0549,0.0548,0.05436,0.0537
45116,0.105057894736841,0.101848245614034,0.0858,0.0716,0.0566,0.0538,0.0534,0.0528
45109,0.105057894736841,0.102031578947368,0.0869,0.0739,0.056,0.0546,0.05404,0.0532
45102,0.111389999999999,0.107174999999999,0.0861,0.0756,0.0568,0.054,0.05356,0.0529
45095,0.111389999999999,0.107591666666666,0.0886,0.0755,0.0569,0.0532,0.05284,0.0523
45088,0.111389999999999,0.108741666666666,0.0955,0.0785,0.0583,0.0539,0.0533,0.0524
45081,0.111389999999999,0.108741666666666,0.0955,0.0795,0.0603,0.055,0.05428,0.0532
45074,0.112336363636364,0.109863636363637,0.0975,0.0806,0.0627,0.057,0.05592,0.0543
45067,0.112336363636364,0.109930303030303,0.0979,0.0847,0.0662,0.0585,0.05742,0.0558
45060,0.112336363636364,0.11049696969697,0.1013,0.0878,0.0652,0.0585,0.05742,0.0558
45053,0.112336363636364,0.110013636363637,0.0984,0.082,0.0643,0.058,0.05672,0.0548
45046,0.112526315789473,0.110221929824561,0.0987,0.0853,0.064,0.0571,0.05606,0.0545
45039,0.112526315789473,0.109088596491227,0.0919,0.0805,0.0648,0.0582,0.05692,0.055
45032,0.112526315789473,0.109538596491228,0.0946,0.0831,0.066,0.06,0.05816,0.0554
45025,0.112526315789473,0.107638596491228,0.0832,0.0761,0.0643,0.0577,0.05626,0.0541
45018,0.112526315789473,0.107905263157894,0.0848,0.0759,0.0635,0.0566,0.05516,0.053
45011,0.112565217391304,0.10678768115942,0.0779,0.074,0.0624,0.056,0.0546,0.0525
45004,0.112565217391304,0.107154347826087,0.0801,0.0717,0.059,0.0545,0.05326,0.0514
44997,0.112565217391304,0.107404347826087,0.0816,0.0731,0.0606,0.0568,0.05544,0.0534
44990,0.112565217391304,0.10858768115942,0.0887,0.0774,0.064,0.0613,0.05966,0.0572
44983,0.11294,0.109133333333333,0.0901,0.0804,0.0661,0.0625,0.06138,0.0597
44976,0.11294,0.109183333333333,0.0904,0.0795,0.0657,0.0614,0.0602,0.0584
44969,0.11294,0.110616666666667,0.099,0.0865,0.0646,0.06,0.0592,0.058
44962,0.11294,0.10985,0.0944,0.085,0.0625,0.0574,0.0574,0.0574
44955,0.1133,0.109583333333333,0.091,0.0798,0.0606,0.0559,0.05562,0.0552
44948,0.1133,0.109066666666667,0.0879,0.077,0.0587,0.0544,0.05428,0.0541
44941,0.1133,0.108683333333333,0.0856,0.0758,0.0574,0.054,0.05392,0.0538
44934,0.1133,0.10885,0.0866,0.0762,0.0573,0.0532,0.05292,0.0525
44927,0.1133,0.109416666666667,0.09,0.0791,0.0592,0.0561,0.05506,0.0535
44920,0.113409523809524,0.109307936507937,0.0888,0.079,0.06109,0.057,0.05556,0.0534
44913,0.113409523809524,0.108824603174603,0.0859,0.0765,0.0608,0.0575,0.05606,0.0539
44906,0.113409523809524,0.108624603174603,0.0847,0.0742,0.0585,0.0547,0.05414,0.0533
44899,0.113409523809524,0.108257936507937,0.0825,0.0738,0.0582,0.0552,0.05456,0.0536
44892,0.112785714285714,0.108138095238095,0.0849,0.0723,0.0565,0.0546,0.05408,0.0533
44885,0.112785714285714,0.109621428571428,0.0938,0.0775,0.0635,0.0554,0.05508,0.0546
44878,0.112785714285714,0.110204761904762,0.0973,0.0786,0.0644,0.0577,0.0567,0.0552
44871,0.112785714285714,0.110554761904762,0.0994,0.0789,0.0643,0.059,0.0582,0.057
44864,0.113721052631579,0.112284210526316,0.1051,0.0924,0.0725,0.0664,0.066,0.0654
44857,0.113721052631579,0.112517543859649,0.1065,0.0941,0.0741,0.068,0.0672,0.066
44850,0.113721052631579,0.113034210526316,0.1096,0.096,0.073,0.0686,0.06828,0.0678
44843,0.113721052631579,0.112917543859649,0.1089,0.0975,0.0782,0.0695,0.06858,0.0672
44836,0.113721052631579,0.113584210526316,0.1129,0.1017,0.0815,0.0728,0.0718,0.0703
44829,0.110945,0.110754166666667,0.1098,0.0982,0.0805,0.073,0.072,0.0705
44822,0.110945,0.110604166666667,0.1089,0.0964,0.0781,0.0688,0.06824,0.0674
44815,0.110945,0.110654166666667,0.1092,0.0988,0.0777,0.0666,0.06612,0.0654
44808,0.110945,0.1107875,0.11,0.1005,0.0794,0.0677,0.0671,0.0662
44801,0.106413636363636,0.106061363636363,0.1043,0.0974,0.0805,0.0695,0.06862,0.0673
44794,0.106413636363636,0.106344696969697,0.106,0.0991,0.0823,0.0693,0.06898,0.0685
44787,0.106413636363636,0.106361363636363,0.1061,0.0971,0.0811,0.0702,0.06972,0.069
44780,0.106413636363636,0.106094696969697,0.1045,0.0956,0.0765,0.0685,0.06774,0.0666
44773,0.100461904761905,0.101051587301588,0.104,0.0961,0.0778,0.0677,0.06746,0.0671
44766,0.100461904761905,0.101118253968254,0.1044,0.0964,0.075,0.0689,0.06822,0.0672
44759,0.100461904761905,0.100201587301587,0.0989,0.0909,0.071,0.0697,0.06898,0.0679
44752,0.100461904761905,0.0997849206349208,0.0964,0.0871,0.0717,0.0692,0.06864,0.0678
44745,0.100461904761905,0.0984515873015875,0.0884,0.0797,0.0677,0.066,0.06524,0.0641
44738,0.093575,0.0926291666666667,0.0879,0.0789,0.0654,0.0644,0.06416,0.0638
44731,0.093575,0.0935791666666667,0.0936,0.0815,0.0648,0.0644,0.06424,0.064
44724,0.093575,0.0931958333333333,0.0913,0.081,0.0662,0.0668,0.06632,0.0656
44717,0.093575,0.0931625,0.0911,0.0803,0.0655,0.067,0.06644,0.0656
44710,0.0888818181818182,0.0882515151515152,0.0851,0.0769,0.0633,0.0645,0.06426,0.0639
44703,0.0888818181818182,0.0881681818181818,0.0846,0.0768,0.0678,0.0641,0.06418,0.0643
44696,0.0888818181818182,0.0879348484848485,0.0832,0.078,0.0705,0.0673,0.0669,0.0663
44689,0.0888818181818182,0.0882848484848485,0.0853,0.08,0.0728,0.0688,0.06836,0.0677
44682,0.0888818181818182,0.0873015151515152,0.0794,0.0754,0.0718,0.0688,0.0684,0.0678
44675,0.07921,0.0795583333333333,0.0813,0.0768,0.071,0.068,0.06756,0.0669
44668,0.07921,0.0791916666666667,0.0791,0.0768,0.0728,0.0676,0.06716,0.0665
44661,0.07921,0.0777916666666667,0.0707,0.0701,0.0684,0.0653,0.06542,0.0656
44654,0.07921,0.0778583333333333,0.0711,0.0709,0.069,0.0654,0.06524,0.065
44647,0.0770391304347826,0.0756992753623188,0.069,0.0675,0.0676,0.0623,0.0619,0.0613
44640,0.0770391304347826,0.0771826086956522,0.0779,0.0785,0.0747,0.0673,0.06614,0.0644
44633,0.0770391304347826,0.0775826086956522,0.0803,0.0787,0.0743,0.0633,0.06286,0.0622
44626,0.0770391304347826,0.0774159420289855,0.0793,0.0758,0.0706,0.0616,0.06108,0.0603
44619,0.065215,0.0667625,0.0745,0.0701,0.0674,0.0588,0.05892,0.0591
44612,0.065215,0.0667625,0.0745,0.0692,0.0631,0.0591,0.05902,0.0589
44605,0.065215,0.0668291666666667,0.0749,0.0695,0.0631,0.0593,0.05934,0.0594
44598,0.065215,0.0669791666666667,0.0758,0.0698,0.0635,0.0599,0.06006,0.0603
44591,0.0547857142857143,0.0560880952380953,0.0626,0.06,0.0575,0.0568,0.05688,0.057
44584,0.0547857142857143,0.0563214285714286,0.064,0.0588,0.059,0.0583,0.05866,0.0592
44577,0.0547857142857143,0.0527214285714286,0.0424,0.0587,0.0586,0.0589,0.05922,0.0597
44570,0.0547857142857143,0.0528714285714286,0.0433,0.0545,0.0574,0.0608,0.06132,0.0621
44563,0.0547857142857143,0.0529214285714286,0.0436,0.0517,0.0539,0.0559,0.0571,0.0589
44556,0.0483095238095238,0.0469579365079365,0.0402,0.0486,0.052,0.0551,0.05594,0.0572
44549,0.0483095238095238,0.0451412698412698,0.0293,0.051,0.0546,0.056,0.05708,0.0587
44542,0.0483095238095238,0.0458079365079365,0.0333,0.0549,0.0568,0.057,0.05808,0.0597
44535,0.0483095238095238,0.0458912698412698,0.0338,0.0509,0.0538,0.0548,0.05556,0.0567
44528,0.0411428571428571,0.0400523809523809,0.0346,0.0506,0.0533,0.0536,0.05504,0.0572
44521,0.0411428571428571,0.0404690476190476,0.0371,0.0538,0.0549,0.0546,0.0558,0.0576
44514,0.0411428571428571,0.0408190476190476,0.0392,0.0542,0.0569,0.0585,0.05946,0.0609
44507,0.0411428571428571,0.0402523809523809,0.0358,0.0499,0.0531,0.0548,0.05608,0.058
44500,0.03142,0.0323,0.0367,0.0503,0.0544,0.0579,0.05946,0.0618
44493,0.03142,0.0322833333333333,0.0366,0.0485,0.053,0.0577,0.0595,0.0622
44486,0.03142,0.03205,0.0352,0.0491,0.0547,0.0614,0.063,0.0654
44479,0.03142,0.0311166666666667,0.0296,0.0476,0.0534,0.0593,0.0617,0.0653
44472,0.03142,0.0309833333333333,0.0288,0.0448,0.0517,0.0611,0.0629,0.0656
44465,0.0236095238095238,0.0243246031746032,0.0279,0.0419,0.0469,0.0529,0.05454,0.057
44458,0.0236095238095238,0.0240912698412698,0.0265,0.0383,0.0428,0.0485,0.05046,0.0534
44451,0.0236095238095238,0.0239579365079365,0.0257,0.037,0.0419,0.0482,0.05016,0.0531
44444,0.0236095238095238,0.0238246031746032,0.0249,0.0375,0.043,0.0504,0.05236,0.0553
44437,0.0120409090909091,0.0133340909090909,0.0198,0.0336,0.0386,0.044,0.047,0.0515
44430,0.0120409090909091,0.0127340909090909,0.0162,0.0267,0.0319,0.0394,0.0432,0.0489
44423,0.0120409090909091,0.0126174242424242,0.0155,0.0267,0.0322,0.0398,0.0436,0.0493
44416,0.0120409090909091,0.0123674242424242,0.014,0.0251,0.0306,0.04,0.0436,0.049
44409,0.0120409090909091,0.0121340909090909,0.0126,0.0224,0.0281,0.0378,0.0418,0.0478
44402,0.008045,0.00865416666666667,0.0117,0.0212,0.0269,0.0368,0.04068,0.0465
44395,0.008045,0.00867083333333333,0.0118,0.0211,0.0266,0.036,0.03948,0.0447
44388,0.008045,0.00862083333333333,0.0115,0.0221,0.0271,0.0345,0.03862,0.0448
44381,0.008045,0.0086375,0.0116,0.0233,0.0296,0.0381,0.04174,0.0472
44374,0.00397,0.00510833333333333,0.0108,0.0213,0.0275,0.037,0.04136,0.0479
44367,0.00397,0.00485833333333333,0.0093,0.0181,0.0237,0.0339,0.03846,0.0453
44360,0.00397,0.00460833333333333,0.0078,0.015,0.0205,0.0307,0.03606,0.0441
44353,0.00397,0.00430833333333333,0.006,0.013,0.0186,0.0292,0.03484,0.0433
44346,0.003195,0.0036125,0.0057,0.0125,0.0181,0.0281,0.03398,0.0428
44339,0.003195,0.0036125,0.0057,0.0119,0.0173,0.0266,0.03248,0.0413
44332,0.003195,0.0036125,0.0057,0.0123,0.0175,0.0265,0.03194,0.0401
44325,0.003195,0.00354583333333333,0.0053,0.011,0.0161,0.0249,0.03018,0.0381
44318,0.003195,0.00364583333333333,0.0059,0.0103,0.0155,0.0241,0.02938,0.0373
44311,0.00295714285714286,0.00338095238095238,0.0055,0.0111,0.0161,0.0264,0.0316,0.0394
44304,0.00295714285714286,0.00344761904761905,0.0059,0.0085,0.0125,0.0215,0.02742,0.0363
44297,0.00295714285714286,0.00301428571428572,0.0033,0.0068,0.0109,0.0198,0.02608,0.0355
44290,0.00295714285714286,0.00299761904761905,0.0032,0.006,0.0098,0.0192,0.02548,0.0349
44283,0.00270434782608696,0.00267028985507247,0.0025,0.0057,0.01,0.0209,0.02714,0.0365
44276,0.00270434782608696,0.00257028985507247,0.0019,0.0049,0.0092,0.0212,0.0272,0.0362
44269,0.00270434782608696,0.00277028985507247,0.0031,0.0053,0.0087,0.0183,0.02458,0.034
44262,0.00270434782608696,0.00272028985507247,0.0028,0.0049,0.0082,0.017,0.02348,0.0332
44255,0.002465,0.00257083333333333,0.0031,0.0051,0.0092,0.0171,0.02346,0.033
44248,0.002465,0.00250416666666667,0.0027,0.005,0.0084,0.0176,0.02348,0.0323
44241,0.002465,0.00242083333333333,0.0022,0.0043,0.0073,0.0157,0.02142,0.03
44234,0.002465,0.00242083333333333,0.0022,0.0044,0.0071,0.0147,0.02018,0.0284
44227,0.002565,0.0025875,0.0027,0.0045,0.0076,0.0153,0.02054,0.0284
44220,0.002565,0.0025375,0.0024,0.0047,0.0076,0.0152,0.02048,0.0284
44213,0.002565,0.0025875,0.0027,0.0049,0.0079,0.0152,0.02064,0.0288
44206,0.002565,0.00255416666666667,0.0025,0.0049,0.0085,0.0152,0.02068,0.0289
44199,0.002565,0.00257083333333333,0.0026,0.0051,0.008,0.0154,0.02064,0.0285
44192,0.00279,0.002825,0.003,0.0054,0.0084,0.0153,0.0205,0.0283
44185,0.00279,0.002825,0.003,0.0056,0.0085,0.0157,0.02086,0.0286
44178,0.00279,0.00284166666666667,0.0031,0.0054,0.0081,0.0153,0.0205,0.0283
44171,0.00279,0.002725,0.0024,0.0047,0.0079,0.0155,0.02134,0.0301
44164,0.00253809523809524,0.00256507936507937,0.0027,0.0049,0.0086,0.0173,0.02266,0.0307
44157,0.00253809523809524,0.0026984126984127,0.0035,0.0049,0.0083,0.0157,0.02098,0.0289
44150,0.00253809523809524,0.00261507936507937,0.003,0.0048,0.0081,0.015,0.02052,0.0288
44143,0.00253809523809524,0.0025484126984127,0.0026,0.005,0.0081,0.0153,0.02062,0.0286
44136,0.00253809523809524,0.00236507936507937,0.0015,0.0043,0.0075,0.0146,0.0198,0.0276
44129,0.0024047619047619,0.00240396825396825,0.0024,0.0049,0.0081,0.0148,0.02004,0.0279
44122,0.0024047619047619,0.00232063492063492,0.0019,0.0047,0.0078,0.0149,0.01998,0.0276
44115,0.0024047619047619,0.00240396825396825,0.0024,0.0049,0.0079,0.0153,0.02042,0.0281
44108,0.0024047619047619,0.00267063492063492,0.004,0.0049,0.0083,0.0153,0.02058,0.0285
44101,0.00234761904761905,0.00238968253968254,0.0026,0.0045,0.0083,0.0166,0.021,0.0276
44094,0.00234761904761905,0.00233968253968254,0.0023,0.0049,0.0084,0.0154,0.02044,0.028
44087,0.00234761904761905,0.00240634920634921,0.0027,0.0049,0.0084,0.015,0.01968,0.0267
44080,0.00234761904761905,0.00230634920634921,0.0021,0.0049,0.0086,0.0155,0.02002,0.0268
44073,0.00241904761904762,0.00229920634920635,0.0017,0.0046,0.0079,0.015,0.01936,0.0259
44066,0.00241904761904762,0.00264920634920635,0.0038,0.0049,0.0083,0.0153,0.0193,0.0253
44059,0.00241904761904762,0.00231587301587302,0.0018,0.0048,0.0082,0.0148,0.01904,0.0254
44052,0.00241904761904762,0.00259920634920635,0.0035,0.005,0.0081,0.0148,0.019,0.0253
44045,0.00241904761904762,0.00246587301587302,0.0027,0.0026,0.0019,0.0076,0.0142,0.0241
44038,0.00244545454545455,0.00250454545454546,0.0028,0.0023,0.0016,0.008,0.01444,0.0241
44031,0.00244545454545455,0.00248787878787879,0.0027,0.0022,0.0024,0.0083,0.0145,0.0238
44024,0.00244545454545455,0.00245454545454546,0.0025,0.0024,0.003,0.0089,0.01654,0.028
44017,0.00244545454545455,0.00240454545454546,0.0022,0.0019,0.0017,0.0078,0.01468,0.025
44010,0.00272857142857143,0.00272380952380953,0.0027,0.0028,0.0022,0.0075,0.01426,0.0244
44003,0.00272857142857143,0.00275714285714286,0.0029,0.0025,0.005,0.0075,0.01398,0.0237
43996,0.00272857142857143,0.00260714285714286,0.002,0.0016,0.0014,0.0067,0.0125,0.0212
43989,0.00272857142857143,0.00270714285714286,0.0026,0.0024,0.0027,0.0088,0.01552,0.0256
43982,0.00322631578947368,0.00323859649122807,0.0033,0.0035,0.0043,0.0091,0.01638,0.0273
43975,0.00322631578947368,0.00323859649122807,0.0033,0.0031,0.0048,0.0102,0.01488,0.0219
43968,0.00322631578947368,0.0032719298245614,0.0035,0.0035,0.0044,0.0091,0.01354,0.0202
43961,0.00322631578947368,0.00333859649122807,0.0039,0.0041,0.0049,0.0103,0.0159,0.0243
43954,0.00322631578947368,0.00345526315789473,0.0046,0.0045,0.006,0.012,0.01768,0.0262
43947,0.00508095238095238,0.00481746031746032,0.0035,0.0037,0.0056,0.0125,0.01818,0.0267
43940,0.00508095238095238,0.00490079365079365,0.004,0.0037,0.0062,0.0127,0.01858,0.0274
43933,0.00508095238095238,0.00501746031746032,0.0047,0.0049,0.0072,0.0151,0.02142,0.0309
43926,0.00508095238095238,0.00516746031746032,0.0056,0.0055,0.007,0.0159,0.02234,0.032
43919,0.01905,0.0167583333333333,0.0053,0.0057,0.0051,0.0152,0.02276,0.0341
43912,0.01905,0.017525,0.0099,0.0094,0.0115,0.0208,0.02688,0.036
43905,0.01905,0.017925,0.0123,0.013,0.0163,0.0233,0.02934,0.0384
43898,0.01905,0.018625,0.0165,0.0165,0.0173,0.0217,0.0263,0.0332
43891,0.01905,0.018825,0.0177,0.0165,0.0174,0.0212,0.02504,0.0308
43884,0.019483,0.0195025,0.0196,0.0189,0.0219,0.0255,0.02962,0.0358
43877,0.019483,0.0195191666666667,0.0197,0.0199,0.022,0.0271,0.0313,0.0376
43870,0.019483,0.0194358333333333,0.0192,0.019,0.0213,0.0249,0.02882,0.0347
43863,0.019483,0.0194358333333333,0.0192,0.019,0.0215,0.0252,0.02864,0.0338
43856,0.01915,0.019175,0.0193,0.0191,0.0212,0.0254,0.029,0.0344
43849,0.01915,0.0191916666666667,0.0194,0.0191,0.0217,0.0248,0.02828,0.0335
43842,0.01915,0.0190916666666667,0.0188,0.0185,0.0204,0.024,0.02736,0.0324
43835,0.01915,0.0191416666666667,0.0191,0.0183,0.0206,0.0261,0.02954,0.0347
43828,0.020405,0.0198041666666667,0.0168,0.0187,0.0206,0.0237,0.02682,0.0315
43821,0.020405,0.0202541666666667,0.0195,0.0187,0.021,0.024,0.02696,0.0314
43814,0.020405,0.0200041666666667,0.018,0.0185,0.0209,0.0248,0.02736,0.0312
43807,0.020405,0.0199541666666667,0.0177,0.0183,0.0206,0.0258,0.0288,0.0333
43800,0.020405,0.0199375,0.0176,0.0193,0.023,0.0276,0.03104,0.0362
43793,0.021395,0.0207958333333333,0.0178,0.0172,0.0207,0.0247,0.02758,0.0319
43786,0.021395,0.0207958333333333,0.0178,0.0187,0.02,0.0247,0.02802,0.033
43779,0.021395,0.0208291666666667,0.018,0.0177,0.0215,0.0261,0.02926,0.034
43772,0.021395,0.0205291666666667,0.0162,0.0168,0.0187,0.0235,0.02702,0.0323
43765,0.0206625454545455,0.0202187878787879,0.018,0.0175,0.0198,0.0251,0.0285,0.0336
43758,0.0206625454545455,0.0201354545454546,0.0175,0.0169,0.0193,0.0228,0.02584,0.0304
43751,0.0206625454545455,0.0203687878787879,0.0189,0.0176,0.02,0.0234,0.02616,0.0303
43744,0.0206625454545455,0.0203521212121212,0.0188,0.0173,0.019,0.0215,0.02422,0.0283
43737,0.0211792777777778,0.0209160648148148,0.0196,0.0177,0.0194,0.0219,0.02418,0.0276
43730,0.0211792777777778,0.0208660648148148,0.0193,0.0182,0.0197,0.0223,0.02454,0.0279
43723,0.0211792777777778,0.0208493981481482,0.0192,0.018,0.0197,0.023,0.02492,0.0278
43716,0.0211792777777778,0.0206993981481482,0.0183,0.0175,0.0193,0.0226,0.02476,0.028
43709,0.0211792777777778,0.0207493981481482,0.0186,0.0181,0.0197,0.0217,0.02342,0.026
43702,0.024189619047619,0.0238080158730158,0.0219,0.0195,0.0211,0.0228,0.0246,0.0273
43695,0.024189619047619,0.0238413492063492,0.0221,0.0192,0.0208,0.0229,0.02442,0.0267
43688,0.024189619047619,0.0237080158730158,0.0213,0.021,0.0216,0.023,0.02444,0.0266
43681,0.024189619047619,0.0236413492063492,0.0209,0.0199,0.0218,0.0229,0.02454,0.027
43674,0.0250745454545455,0.0245621212121213,0.022,0.0201,0.0228,0.0239,0.0255,0.0279
43667,0.0250745454545455,0.0245121212121213,0.0217,0.0217,0.0235,0.0254,0.02712,0.0297
43660,0.0250745454545455,0.0247954545454546,0.0234,0.0225,0.024,0.0263,0.0281,0.0308
43653,0.0250745454545455,0.0249787878787879,0.0245,0.0246,0.026,0.0275,0.02954,0.0326
43646,0.0279144,0.0273786666666667,0.0247,0.0249,0.0263,0.0284,0.03028,0.0331
43639,0.0279144,0.0274786666666667,0.0253,0.0255,0.0262,0.0285,0.03066,0.0339
43632,0.0279144,0.027462,0.0252,0.025,0.0259,0.0281,0.03022,0.0334
43625,0.0279144,0.0273786666666667,0.0247,0.0255,0.0268,0.0291,0.03138,0.0348
43618,0.0279144,0.028062,0.0288,0.0287,0.0305,0.0321,0.03406,0.037
43611,0.03099055,0.0307754583333333,0.0297,0.0296,0.031,0.0327,0.03454,0.0373
43604,0.03099055,0.0310087916666667,0.0311,0.0317,0.0333,0.035,0.03696,0.0399
43597,0.03099055,0.0311587916666667,0.032,0.0325,0.0344,0.0362,0.0382,0.0412
43590,0.03099055,0.031042125,0.0313,0.0319,0.0327,0.0357,0.0379,0.0412
43583,0.0311710476190476,0.0312592063492063,0.0317,0.0325,0.033,0.0362,0.03832,0.0415
43576,0.0311710476190476,0.031275873015873,0.0318,0.0327,0.0331,0.0362,0.03824,0.0413
43569,0.0311710476190476,0.0312925396825397,0.0319,0.0325,0.0328,0.036,0.03796,0.0409
43562,0.0311710476190476,0.0313092063492063,0.032,0.0325,0.0328,0.0357,0.03786,0.0411
43555,0.0315019047619048,0.0316515873015873,0.0324,0.033,0.0332,0.0365,0.03854,0.0416
43548,0.0315019047619048,0.0318015873015873,0.0333,0.0335,0.0341,0.0365,0.03846,0.0414
43541,0.0315019047619048,0.0317515873015873,0.033,0.0339,0.0344,0.0365,0.03858,0.0417
43534,0.0315019047619048,0.031818253968254,0.0334,0.034,0.0352,0.0378,0.03968,0.0425
43527,0.0315019047619048,0.0317849206349207,0.0332,0.0344,0.0355,0.0386,0.04048,0.0433
43520,0.0314856,0.0320046666666667,0.0346,0.0348,0.0363,0.0391,0.04098,0.0438
43513,0.0314856,0.0317046666666667,0.0328,0.0346,0.0357,0.0385,0.04046,0.0434
43506,0.0314856,0.0315713333333333,0.032,0.0333,0.035,0.0387,0.04066,0.0436
43499,0.0314856,0.0317546666666667,0.0331,0.035,0.0354,0.0394,0.04132,0.0442
43492,0.0305441818181818,0.0310034848484848,0.0333,0.0351,0.0354,0.0392,0.04144,0.0448
43485,0.0305441818181818,0.0308534848484848,0.0324,0.0352,0.0359,0.0399,0.04206,0.0453
43478,0.0305441818181818,0.0312534848484848,0.0348,0.0348,0.0364,0.04,0.0422,0.0455
43471,0.0305441818181818,0.0309701515151515,0.0331,0.0354,0.0373,0.0404,0.04212,0.0447
43464,0.0325645789473684,0.0328204824561403,0.0341,0.0344,0.0355,0.039,0.04104,0.0441
43457,0.0325645789473684,0.0325704824561403,0.0326,0.0342,0.0356,0.0396,0.04156,0.0445
43450,0.0325645789473684,0.0326704824561403,0.0332,0.0354,0.0361,0.04,0.0418,0.0445
43443,0.0325645789473684,0.0328704824561403,0.0344,0.0369,0.0377,0.0412,0.04316,0.0461
43436,0.0325645789473684,0.0327038157894737,0.0334,0.0353,0.0369,0.0406,0.04264,0.0457
43429,0.03180465,0.032303875,0.0348,0.0374,0.0379,0.0415,0.04338,0.0462
43422,0.03180465,0.0321872083333333,0.0341,0.0376,0.0382,0.0416,0.04368,0.0468
43415,0.03180465,0.0323872083333333,0.0353,0.0378,0.0385,0.0425,0.04462,0.0478
43408,0.03180465,0.0323705416666667,0.0352,0.0378,0.0392,0.0425,0.0447,0.048
43401,0.0298256363636364,0.0306380303030303,0.0347,0.0377,0.0394,0.0428,0.045,0.0483
43394,0.0298256363636364,0.030804696969697,0.0357,0.0381,0.0398,0.043,0.04528,0.0487
43387,0.0298256363636364,0.030604696969697,0.0345,0.0379,0.0398,0.0422,0.04504,0.0493
43380,0.0298256363636364,0.0306713636363637,0.0349,0.0382,0.04,0.043,0.04552,0.0493
43373,0.0279763529411765,0.0290302941176471,0.0343,0.0379,0.0388,0.0415,0.04446,0.0489
43366,0.0279763529411765,0.0289636274509804,0.0339,0.0366,0.0388,0.0419,0.0445,0.0484
43359,0.0279763529411765,0.0287969607843137,0.0329,0.0348,0.0381,0.0409,0.04382,0.0482
43352,0.0279763529411765,0.0288469607843137,0.0332,0.0354,0.0384,0.0414,0.04412,0.0482
43345,0.0279763529411765,0.0288969607843137,0.0335,0.0356,0.0379,0.041,0.04384,0.0481
43338,0.0267520454545455,0.0277267045454546,0.0326,0.0346,0.0376,0.0402,0.04328,0.0479
43331,0.0267520454545455,0.0277267045454546,0.0326,0.0345,0.0381666666666667,0.04,0.043,0.0475
43324,0.0267520454545455,0.0277600378787879,0.0328,0.0343,0.0377,0.0402,0.04332,0.048
43317,0.0267520454545455,0.0277767045454546,0.0329,0.0345,0.0376,0.0407,0.0437,0.0482
43310,0.02683435,0.027878625,0.0331,0.0343,0.0375,0.0411,0.04278,0.0453
43303,0.02683435,0.027878625,0.0331,0.0343,0.0374,0.0413,0.04298,0.0455
43296,0.02683435,0.0279452916666667,0.0335,0.0342,0.0371,0.041,0.04284,0.0456
43289,0.02683435,0.0277952916666667,0.0326,0.0341,0.037,0.0412,0.043,0.0457
43282,0.02683435,0.0278952916666667,0.0332,0.034,0.0367,0.0407,0.0427,0.0457
43275,0.027394380952381,0.0282786507936508,0.0327,0.0345,0.0369,0.0414,0.0432,0.0459
43268,0.027394380952381,0.0283786507936508,0.0333,0.0343,0.0368,0.0408,0.04284,0.0459
43261,0.027394380952381,0.0283619841269842,0.0332,0.0343,0.0367,0.041,0.04296,0.0459
43254,0.027394380952381,0.0282619841269842,0.0326,0.0344,0.0368,0.0401,0.04226,0.0455
43247,0.027275619047619,0.0281963492063492,0.0328,0.0346,0.037,0.0408,0.04276,0.0457
43240,0.027275619047619,0.0281130158730158,0.0323,0.0338,0.0364,0.0404,0.0424,0.0454
43233,0.027275619047619,0.0281630158730158,0.0326,0.0343,0.0373,0.041,0.04292,0.0458
43226,0.027275619047619,0.0274130158730158,0.0281,0.032,0.0362,0.0395,0.04146,0.0444
43219,0.0270494285714286,0.0271911904761905,0.0279,0.0312,0.0351,0.0388,0.04096,0.0442
43212,0.0270494285714286,0.0272245238095238,0.0281,0.0318,0.0355,0.0396,0.0416,0.0446
43205,0.0270494285714286,0.0271411904761905,0.0276,0.0311,0.0347,0.0385,0.04058,0.0437
43198,0.0270494285714286,0.0271911904761905,0.0279,0.0312,0.0347,0.0386,0.04072,0.0439
43191,0.0270494285714286,0.0271245238095238,0.0275,0.0319,0.0355,0.039,0.0412,0.0445
43184,0.0273679523809524,0.0273399603174603,0.0272,0.032,0.0359,0.0395,0.0415,0.0445
43177,0.0273679523809524,0.0275232936507937,0.0283,0.0322,0.0366,0.0398,0.0418,0.0448
43170,0.0273679523809524,0.027556626984127,0.0285,0.0323,0.0367,0.0402,0.04208,0.0449
43163,0.0273679523809524,0.027356626984127,0.0273,0.0325,0.0364,0.0394,0.04176,0.0453
43156,0.02686725,0.0269560416666667,0.0274,0.0321,0.036,0.0396,0.04188,0.0453
43149,0.02686725,0.027089375,0.0282,0.0321,0.036,0.0395,0.04186,0.0454
43142,0.02686725,0.0270227083333333,0.0278,0.0322,0.0359,0.0401,0.04222,0.0454
43135,0.02686725,0.0272060416666667,0.0289,0.0325,0.0361,0.04,0.04212,0.0453
43128,0.028215380952381,0.0282628174603175,0.0285,0.0322,0.0363,0.0396,0.04212,0.0459
43121,0.028215380952381,0.0281961507936508,0.0281,0.0314,0.0351,0.0385,0.04094,0.0446
43114,0.028215380952381,0.0282461507936508,0.0284,0.0322,0.0361,0.0398,0.04204,0.0454
43107,0.028215380952381,0.0283128174603175,0.0288,0.0328,0.0368,0.0402,0.04236,0.0456
43100,0.0301078947368421,0.0298399122807017,0.0285,0.0328,0.0362,0.0393,0.04166,0.0452
43093,0.0301078947368421,0.0300399122807018,0.0297,0.0334,0.037,0.0397,0.0419,0.0452
43086,0.0301078947368421,0.0300065789473684,0.0295,0.0341,0.0374,0.0409,0.04274,0.0455
43079,0.0301078947368421,0.0301232456140351,0.0302,0.0344,0.0377,0.0406,0.043,0.0466
43072,0.0301078947368421,0.0301399122807018,0.0303,0.0342,0.0381,0.0402,0.04284,0.0468
43065,0.0286885238095238,0.0286404365079365,0.0284,0.0337,0.0378,0.0397,0.0423,0.0462
43058,0.0286885238095238,0.0289904365079365,0.0305,0.0339,0.0377,0.0397,0.04222,0.046
43051,0.0286885238095238,0.0286071031746032,0.0282,0.0335,0.0369,0.0388,0.04132,0.0451
43044,0.0286885238095238,0.0288237698412698,0.0295,0.0331,0.0366,0.038,0.04064,0.0446
43037,0.0272838,0.0276031666666667,0.0292,0.0329,0.0369,0.0382,0.04072,0.0445
43030,0.0272838,0.0275531666666667,0.0289,0.0325,0.0366,0.0376,0.04044,0.0447
43023,0.0272838,0.0273865,0.0279,0.0325,0.0365,0.0377,0.0405,0.0447
43016,0.0272838,0.0273865,0.0279,0.0332,0.0375,0.0383,0.04118,0.0455
43009,0.0272838,0.0273198333333333,0.0275,0.033,0.0369,0.0383,0.04082,0.0446
43002,0.0273023157894737,0.0276685964912281,0.0295,0.0327,0.0367,0.0378,0.04028,0.044
42995,0.0273023157894737,0.0275685964912281,0.0289,0.0315,0.0355,0.0367,0.03922,0.043
42988,0.0273023157894737,0.0275852631578947,0.029,0.0317,0.0353,0.0366,0.03924,0.0432
42981,0.0273023157894737,0.0271352631578947,0.0263,0.0281,0.0313,0.036,0.03868,0.0427
42974,0.0272884090909091,0.0270070075757576,0.0256,0.0278,0.0311,0.0365,0.03918,0.0432
42967,0.0272884090909091,0.0271736742424242,0.0266,0.0277,0.0317,0.0368,0.03956,0.0437
42960,0.0272884090909091,0.0270736742424242,0.026,0.0282,0.031,0.0362,0.039,0.0432
42953,0.0272884090909091,0.0270070075757576,0.0256,0.0272,0.0311,0.0363,0.03914,0.0434
42946,0.0274602380952381,0.0271668650793651,0.0257,0.027,0.0308,0.0355,0.0385,0.043
42939,0.0274602380952381,0.0272501984126984,0.0262,0.0283,0.0309,0.0355,0.03838,0.0427
42932,0.0274602380952381,0.0271668650793651,0.0257,0.0288,0.0315,0.0365,0.03906,0.0429
42925,0.0274602380952381,0.0272335317460317,0.0261,0.0282,0.0309,0.0367,0.03894,0.0423
42918,0.0274602380952381,0.0272335317460317,0.0261,0.0265,0.0309,0.0366,0.0386,0.0416
42911,0.0278485714285714,0.0276571428571428,0.0267,0.0277,0.0321,0.0369,0.03866,0.0413
42904,0.0278485714285714,0.0276738095238095,0.0268,0.0293,0.0323,0.0365,0.0381,0.0405
42897,0.0278485714285714,0.0277238095238095,0.0271,0.0294,0.0321,0.0371,0.03838,0.0403
42890,0.0278485714285714,0.0277738095238095,0.0274,0.0298,0.0323,0.0367,0.0381,0.0402
42883,0.0287413181818182,0.0284344318181818,0.0269,0.0278,0.0321,0.0363,0.03742,0.0391
42876,0.0287413181818182,0.0286844318181818,0.0284,0.0303,0.033,0.0374,0.03908,0.0416
42869,0.0287413181818182,0.0290010984848485,0.0303,0.0303,0.0318,0.0364,0.0378,0.0399
42862,0.0287413181818182,0.0287510984848485,0.0288,0.0295,0.0325,0.0371,0.03858,0.0408
42855,0.0290141666666667,0.0288451388888889,0.028,0.0302,0.0322,0.0363,0.03766,0.0397
42848,0.0290141666666667,0.0288451388888889,0.028,0.0292,0.0316,0.0352,0.03664,0.0388
42841,0.0290141666666667,0.0288618055555556,0.0281,0.0304,0.0309,0.0345,0.03618,0.0387
42834,0.0290141666666667,0.0288951388888889,0.0283,0.0295,0.0319,0.0347,0.03618,0.0384
42827,0.0290141666666667,0.0291451388888889,0.0298,0.0326,0.0335,0.0361,0.03734,0.0392
42820,0.0329821304347826,0.0322851086956522,0.0288,0.0301,0.0333,0.0362,0.0378,0.0402
42813,0.0329821304347826,0.0326851086956522,0.0312,0.0321,0.0341,0.0369,0.03862,0.0412
42806,0.0329821304347826,0.0327517753623188,0.0316,0.0318,0.0347,0.038,0.03976,0.0424
42799,0.0329821304347826,0.0329351086956522,0.0327,0.0327,0.0356,0.0379,0.03986,0.0428
42792,0.03289395,0.0327949583333333,0.0323,0.0334,0.0351,0.037,0.03892,0.0418
42785,0.03289395,0.0327949583333333,0.0323,0.0327,0.0351,0.0372,0.03884,0.0413
42778,0.03289395,0.0328782916666667,0.0328,0.0336,0.0357,0.0381,0.03954,0.0417
42771,0.03289395,0.0328949583333333,0.0329,0.033,0.035,0.0373,0.0389,0.0413
42764,0.0348330476190476,0.0344775396825397,0.0327,0.033,0.0348,0.0371,0.03886,0.0415
42757,0.0348330476190476,0.0346275396825397,0.0336,0.0335,0.0358,0.0379,0.03946,0.0418
42750,0.0348330476190476,0.0344275396825397,0.0324,0.033,0.0355,0.0376,0.03932,0.0419
42743,0.0348330476190476,0.034510873015873,0.0329,0.0332,0.0353,0.0376,0.03912,0.0414
42736,0.0348330476190476,0.0344775396825397,0.0327,0.0333,0.0346,0.0372,0.0388,0.0412
42729,0.0399130952380952,0.0390609126984127,0.0348,0.0355,0.0367,0.0382,0.04,0.0427
42722,0.0399130952380952,0.0390275793650793,0.0346,0.0353,0.0368,0.0391,0.04094,0.0437
42715,0.0399130952380952,0.0389775793650793,0.0343,0.0348,0.0365,0.0387,0.04062,0.0435
42708,0.0399130952380952,0.0391775793650793,0.0355,0.0358,0.0379,0.0394,0.0412,0.0439
42701,0.0390173333333333,0.0385644444444444,0.0363,0.0372,0.0393,0.0412,0.04284,0.0453
42694,0.0390173333333333,0.0386311111111111,0.0367,0.0383,0.0407,0.0429,0.04426,0.0463
42687,0.0390173333333333,0.0385811111111111,0.0364,0.0383,0.0405,0.0424,0.04384,0.046
42680,0.0390173333333333,0.0385311111111111,0.0361,0.0356,0.0396,0.0407,0.04246,0.0451
42673,0.0384504736842105,0.0378920614035088,0.0351,0.0349,0.0368,0.039,0.04028,0.0422
42666,0.0384504736842105,0.0379253947368421,0.0353,0.0359,0.0377,0.0394,0.04072,0.0427
42659,0.0384504736842105,0.0379087280701754,0.0352,0.0355,0.0368,0.0382,0.03964,0.0418
42652,0.0384504736842105,0.0377920614035087,0.0345,0.035,0.0359,0.0377,0.0395,0.0422
42645,0.0384504736842105,0.0378587280701754,0.0349,0.0352,0.0364,0.038,0.03948,0.0417
42638,0.0382468571428571,0.0378390476190476,0.0358,0.0365,0.0376,0.0389,0.04002,0.0417
42631,0.0382468571428571,0.0378557142857142,0.0359,0.0365,0.0377,0.0392,0.04036,0.0421
42624,0.0382468571428571,0.0378723809523809,0.036,0.0366,0.0382,0.0397,0.04078,0.0424
42617,0.0382468571428571,0.0378390476190476,0.0358,0.0365,0.0377,0.0392,0.0404,0.0422
42610,0.037672,0.03736,0.0358,0.0367,0.0379,0.0391,0.0405,0.0426
42603,0.037672,0.0373766666666667,0.0359,0.0358,0.0376,0.0386,0.03996,0.042
42596,0.037672,0.0372933333333333,0.0354,0.0356,0.038,0.039,0.04044,0.0426
42589,0.037672,0.03721,0.0349,0.0353,0.0381,0.039,0.0404,0.0425
42582,0.0386571428571429,0.0381809523809524,0.0358,0.0373,0.0389,0.0401,0.0415,0.0436
42575,0.0386571428571429,0.0382809523809524,0.0364,0.0371,0.039,0.0409,0.04218,0.0441
42568,0.0386571428571429,0.0383142857142858,0.0366,0.0376,0.0392,0.0405,0.04194,0.0441
42561,0.0386571428571429,0.0383142857142858,0.0366,0.0376,0.0392,0.0402,0.04164,0.0438
42554,0.0386571428571429,0.0383142857142858,0.0366,0.0379,0.0395,0.0404,0.0418,0.0439
42547,0.038698,0.0383483333333333,0.0366,0.0374,0.0386,0.0408,0.04224,0.0444
42540,0.038698,0.0383816666666667,0.0368,0.0381,0.0394,0.0416,0.04316,0.0455
42533,0.038698,0.0384483333333333,0.0372,0.0384,0.0395,0.0416,0.04312,0.0454
42526,0.038698,0.0384983333333333,0.0375,0.0381,0.0395,0.0416,0.0432,0.0456
42519,0.0386329090909091,0.0384107575757576,0.0373,0.0383,0.0402,0.0415,0.04314,0.0456
42512,0.0386329090909091,0.0385440909090909,0.0381,0.0387,0.0402,0.0421,0.0435,0.0456
42505,0.0386329090909091,0.0383274242424242,0.0368,0.0384,0.0396,0.0418,0.04332,0.0456
42498,0.0386329090909091,0.0383274242424242,0.0368,0.0381,0.0391,0.0412,0.04272,0.045
42491,0.0386329090909091,0.0383107575757576,0.0367,0.0379,0.0394,0.0409,0.0421,0.0439
42484,0.038051619047619,0.0378763492063492,0.037,0.0383,0.0396,0.0413,0.04246,0.0442
42477,0.038051619047619,0.0378930158730158,0.0371,0.0372,0.0397,0.0412,0.04228,0.0439
42470,0.038051619047619,0.0379263492063492,0.0373,0.0381,0.0396,0.041,0.04208,0.0437
42463,0.038051619047619,0.0379430158730158,0.0374,0.0382,0.0403,0.0412,0.04228,0.0439
42456,0.0403288181818182,0.0400073484848485,0.0384,0.0387,0.0407,0.0416,0.04264,0.0442
42449,0.0403288181818182,0.0398906818181818,0.0377,0.0389,0.0408,0.042,0.043,0.0445
42442,0.0403288181818182,0.0398573484848485,0.0375,0.0393,0.0407,0.0419,0.0429,0.0444
42435,0.0403288181818182,0.0398906818181818,0.0377,0.0387,0.0411,0.0423,0.04318,0.0445
42428,0.0405,0.04,0.0375,0.038,0.0396,0.0417,0.04278,0.0444
42421,0.0405,0.0400666666666667,0.0379,0.0393,0.04,0.042,0.04292,0.0443
42414,0.0405,0.0399666666666667,0.0373,0.0391,0.0413,0.0424,0.04324,0.0445
42407,0.0405,0.0404,0.0399,0.0401,0.0414,0.0424,0.0432,0.0444
42400,0.041425,0.0408375,0.0379,0.0394,0.0404,0.0421,0.0431,0.0446
42393,0.041425,0.0411875,0.04,0.0398,0.041,0.0425,0.04366,0.0454
42386,0.041425,0.0410208333333333,0.039,0.0403,0.0414,0.0428,0.04416,0.0462
42379,0.041425,0.0411041666666667,0.0395,0.0405,0.0423,0.0426,0.04392,0.0459
42372,0.041425,0.0415208333333333,0.042,0.0411,0.0428,0.0434,0.04456,0.0463
42365,0.042805,0.0426375,0.0418,0.0421,0.043,0.0446,0.04576,0.0475
42358,0.042805,0.0423875,0.0403,0.0419,0.0428,0.0443,0.04522,0.0466
42351,0.042805,0.0424708333333333,0.0408,0.0404,0.0429,0.0442,0.04504,0.0463
42344,0.042805,0.0425041666666667,0.041,0.0413,0.0427,0.0438,0.0448,0.0463
42337,0.0409285714285714,0.0408904761904762,0.0407,0.0405,0.0425,0.044,0.04492,0.0463
42330,0.0409285714285714,0.0405404761904762,0.0386,0.0399,0.0423,0.0436,0.04464,0.0462
42323,0.0409285714285714,0.0407571428571428,0.0399,0.04,0.0419,0.043,0.0442,0.046
42316,0.0409285714285714,0.0400738095238095,0.0358,0.0396,0.0419,0.0434,0.04452,0.0462
42309,0.0409285714285714,0.0401904761904762,0.0365,0.039,0.0415,0.0436,0.0444,0.0456
42302,0.037647619047619,0.0373063492063492,0.0356,0.039,0.0412,0.0427,0.04366,0.0451
42295,0.037647619047619,0.0373730158730158,0.036,0.0385,0.04,0.0424,0.04336,0.0448
42288,0.037647619047619,0.0373396825396825,0.0358,0.0383,0.0397,0.0416,0.04276,0.0445
42281,0.037647619047619,0.0370230158730158,0.0339,0.0378,0.0392,0.0413,0.04258,0.0445
42274,0.0364857142857143,0.0361547619047619,0.0345,0.0391,0.0404,0.0417,0.04286,0.0446
42267,0.0364857142857143,0.0364047619047619,0.036,0.0386,0.0399,0.0424,0.044,0.0464
42260,0.0364857142857143,0.0362380952380952,0.035,0.0386,0.04,0.0426,0.04436,0.047
42253,0.0364857142857143,0.0361214285714286,0.0343,0.0365,0.0387,0.0414,0.04336,0.0463
42246,0.035452380952381,0.0352103174603175,0.034,0.0365,0.039,0.0407,0.04266,0.0456
42239,0.035452380952381,0.0351269841269842,0.0335,0.035,0.0368,0.0401,0.04186,0.0445
42232,0.035452380952381,0.0349603174603175,0.0325,0.0349,0.0365,0.0404,0.04208,0.0446
42225,0.035452380952381,0.0347436507936508,0.0312,0.0339,0.036,0.04,0.04172,0.0443
42218,0.035452380952381,0.0348936507936508,0.0321,0.0345,0.0365,0.0407,0.0423,0.0447
42211,0.0353409090909091,0.0347840909090909,0.032,0.0339,0.0359,0.04,0.04184,0.0446
42204,0.0353409090909091,0.0347174242424243,0.0316,0.033,0.0354,0.0398,0.04156,0.0442
42197,0.0353409090909091,0.0348674242424243,0.0325,0.0335,0.0356,0.0398,0.04164,0.0444
42190,0.0353409090909091,0.0347340909090909,0.0317,0.0336,0.0356,0.04,0.04184,0.0446
42183,0.0343809523809524,0.033984126984127,0.032,0.034,0.0365,0.041,0.04296,0.0459
42176,0.0343809523809524,0.0338674603174603,0.0313,0.0341,0.0371,0.0417,0.04354,0.0463
42169,0.0343809523809524,0.0339174603174603,0.0316,0.0342,0.0375,0.0417,0.0435,0.0462
42162,0.0343809523809524,0.0339507936507937,0.0318,0.0352,0.0379,0.0419,0.04342,0.0457
42155,0.0357578947368421,0.0352982456140351,0.033,0.0358,0.0391,0.0422,0.04328,0.0449
42148,0.0357578947368421,0.0351482456140351,0.0321,0.0365,0.0387,0.0422,0.04344,0.0453
42141,0.0357578947368421,0.0353315789473684,0.0332,0.0367,0.039,0.0425,0.04366,0.0454
42134,0.0357578947368421,0.0353649122807018,0.0334,0.0368,0.0392,0.0425,0.0437,0.0455
42127,0.0357578947368421,0.0353982456140351,0.0336,0.0367,0.0388,0.0424,0.04356,0.0453
42120,0.0347761904761905,0.0344801587301587,0.033,0.036,0.0381,0.0412,0.04248,0.0444
42113,0.0347761904761905,0.0342634920634921,0.0317,0.0357,0.0382,0.0416,0.04272,0.0444
42106,0.0347761904761905,0.0344801587301587,0.033,0.0362,0.0388,0.0425,0.0437,0.0455
42099,0.0347761904761905,0.0345134920634921,0.0332,0.0364,0.0389,0.0422,0.0436,0.0457
42092,0.0339909090909091,0.0340424242424242,0.0343,0.0373,0.0405,0.0434,0.04404,0.045
42085,0.0339909090909091,0.0338257575757576,0.033,0.0358,0.0377,0.0417,0.04262,0.044
42078,0.0339909090909091,0.0338424242424243,0.0331,0.0358,0.0376,0.0408,0.042,0.0438
42071,0.0339909090909091,0.0338090909090909,0.0329,0.0357,0.0374,0.0404,0.04148,0.0431
42064,0.0339909090909091,0.0338590909090909,0.0332,0.0358,0.0379,0.0409,0.04198,0.0436
42057,0.03281,0.032675,0.032,0.0347,0.0365,0.0393,0.0403,0.0418
42050,0.03281,0.0325916666666667,0.0315,0.0334,0.0352,0.0389,0.04014,0.042
42043,0.03281,0.0323416666666667,0.03,0.0334,0.0351,0.0391,0.04038,0.0423
42036,0.03281,0.0323583333333333,0.0301,0.0324,0.0344,0.0391,0.0405,0.0426
42029,0.0317095238095238,0.0310579365079365,0.0278,0.0303,0.0338,0.0375,0.0391,0.0415
42022,0.0317095238095238,0.0312079365079365,0.0287,0.0299,0.0328,0.0372,0.03884,0.0413
42015,0.0317095238095238,0.0312079365079365,0.0287,0.03,0.0329,0.0375,0.0393,0.042
42008,0.0317095238095238,0.0310579365079365,0.0278,0.0315,0.0332,0.0382,0.04008,0.0429
42001,0.03507,0.0340416666666667,0.0289,0.0317,0.0343,0.039,0.04064,0.0431
41994,0.03507,0.0340583333333333,0.029,0.0315,0.034,0.0388,0.04072,0.0436
41987,0.03507,0.033925,0.0282,0.0314,0.0327,0.0394,0.04108,0.0436
41980,0.03507,0.033775,0.0273,0.0299,0.0324,0.0383,0.0403,0.0433
41973,0.03469,0.0334916666666667,0.0275,0.0292,0.0311,0.04,0.04172,0.0443
41966,0.03469,0.0335583333333333,0.0279,0.0295,0.0329,0.0398,0.0414,0.0438
41959,0.03469,0.0338916666666667,0.0299,0.0315,0.0332,0.04,0.04156,0.0439
41952,0.03469,0.0338083333333333,0.0294,0.0317,0.0325,0.0407,0.04238,0.0449
41945,0.03469,0.0338916666666667,0.0299,0.0324,0.0353,0.041,0.04272,0.0453
41938,0.0348545454545455,0.0341287878787879,0.0305,0.0323,0.0345,0.0407,0.0423,0.0447
41931,0.0348545454545455,0.0340287878787879,0.0299,0.0323,0.0333,0.0405,0.04202,0.0443
41924,0.0348545454545455,0.0344621212121212,0.0325,0.032,0.0338,0.0408,0.04296,0.0462
41917,0.0348545454545455,0.0340787878787879,0.0302,0.0331,0.0349,0.0429,0.0447,0.0474
41910,0.03415,0.0334083333333333,0.0297,0.0329,0.0375,0.0443,0.04598,0.0485
41903,0.03415,0.0337916666666667,0.032,0.0305,0.0351,0.0438,0.04516,0.0472
41896,0.03415,0.033175,0.0283,0.0309,0.0348,0.0432,0.04444,0.0463
41889,0.03415,0.033525,0.0304,0.03,0.0306,0.0435,0.04502,0.0473
41882,0.03559,0.0346916666666667,0.0302,0.031,0.0321,0.0409,0.0425,0.0449
41875,0.03559,0.0345083333333333,0.0291,0.0314,0.0336,0.0395,0.04066,0.0424
41868,0.03559,0.034775,0.0307,0.0321,0.033,0.04,0.04068,0.0417
41861,0.03559,0.0349083333333333,0.0315,0.0313,0.0333,0.0394,0.04044,0.042
41854,0.03559,0.034975,0.0319,0.0328,0.0343,0.04,0.04116,0.0429
41847,0.0401636363636364,0.039269696969697,0.0348,0.0356,0.037,0.0421,0.04318,0.0448
41840,0.0401636363636364,0.0393863636363637,0.0355,0.036,0.0378,0.0423,0.04334,0.0449
41833,0.0401636363636364,0.039419696969697,0.0357,0.0358,0.0369,0.0415,0.04322,0.0458
41826,0.0401636363636364,0.039469696969697,0.036,0.0363,0.0373,0.0418,0.04336,0.0457
41819,0.0415285714285714,0.0407904761904762,0.0371,0.0382,0.0395,0.0433,0.04498,0.0475
41812,0.0415285714285714,0.0408738095238095,0.0376,0.038,0.0403,0.0437,0.04522,0.0475
41805,0.0415285714285714,0.0409571428571428,0.0381,0.039,0.0404,0.0445,0.04598,0.0482
41798,0.0415285714285714,0.0409404761904762,0.038,0.0383,0.0406,0.0444,0.04588,0.0481
41791,0.0415285714285714,0.0409571428571428,0.0381,0.0389,0.0408,0.0451,0.04662,0.0489
41784,0.0401566136653143,0.0397971780544286,0.038,0.0395,0.0404,0.0454,0.04704,0.0495
41777,0.0401566136653143,0.0401805113877619,0.0403,0.0406,0.0413,0.0449,0.0469,0.0499
41770,0.0401566136653143,0.0396305113877619,0.037,0.0401,0.043,0.0458,0.04728,0.0495
41763,0.0401566136653143,0.0398805113877619,0.0385,0.0394,0.0411,0.0448,0.04676,0.0497
41756,0.0381121189148134,0.0380767657623445,0.0379,0.0388,0.0418,0.0447,0.04614,0.0483
41749,0.0381121189148134,0.0383434324290112,0.0395,0.039,0.0412,0.0446,0.04632,0.0489
41742,0.0381121189148134,0.0381934324290112,0.0386,0.0396,0.0402,0.0448,0.04656,0.0492
41735,0.0381121189148134,0.0378267657623445,0.0364,0.0394,0.0401,0.045,0.0466,0.049
41728,0.0419551083326047,0.0415625902771706,0.0396,0.0395,0.0413,0.0456,0.0472,0.0496
41721,0.0419551083326047,0.0415292569438372,0.0394,0.0405,0.0419,0.046,0.04772,0.0503
41714,0.0419551083326047,0.0416459236105039,0.0401,0.0413,0.042,0.0466,0.04816,0.0505
41707,0.0419551083326047,0.0417125902771706,0.0405,0.041,0.0431,0.0463,0.04782,0.0501
41700,0.0419551083326047,0.0419959236105039,0.0422,0.0437,0.0448,0.0471,0.04826,0.05
41693,0.0444279168455563,0.0440232640379636,0.042,0.0429,0.0449,0.0471,0.04838,0.0503
41686,0.0444279168455563,0.0442232640379636,0.0432,0.043,0.0448,0.047,0.04808,0.0497
41679,0.0444279168455563,0.0443232640379636,0.0438,0.0443,0.0444,0.0475,0.0485,0.05
41672,0.0444279168455563,0.0443732640379636,0.0441,0.0442,0.0446,0.047,0.0482,0.05
41665,0.0467692951532119,0.0461744126276766,0.0432,0.0433,0.0435,0.0467,0.04786,0.0496
41658,0.0467692951532119,0.0461744126276766,0.0432,0.0432,0.0432,0.0461,0.0475,0.0496
41651,0.0467692951532119,0.0463744126276766,0.0444,0.044,0.0442,0.0471,0.0483,0.0501
41644,0.0467692951532119,0.0464244126276766,0.0447,0.0455,0.0453,0.05,0.05216,0.0554
41637,0,0.00756666666666667,0.0454,0.0462,0.046,0.0504,0.05112,0.0522
41630,0,0.0075,0.045,0.0455,0.0453,0.0497,0.05078,0.0524
41623,0,0.00766666666666667,0.046,0.0469,0.0465,0.049,0.0502,0.052
41616,0,0.00756666666666667,0.0454,0.0461,0.046,0.0484,0.04976,0.0518
41609,0,0.0077,0.0462,0.0464,0.0469,0.0483,0.0493,0.0508
41602,0,0.00758333333333333,0.0455,0.0462,0.0464,0.0477,0.04898,0.0509
41595,0,0.0074,0.0444,0.0445,0.0443,0.0462,0.04752,0.0495
41588,0,0.0074,0.0444,0.0443,0.0442,0.0457,0.0469,0.0487
41581,0,0.0075,0.045,0.045,0.0449,0.046,0.04728,0.0492
41574,0,0.00758333333333333,0.0455,0.0455,0.0456,0.0472,0.04828,0.0499
41567,0,0.00766666666666667,0.046,0.046,0.0459,0.0481,0.0491,0.0506
41560,0,0.00778333333333333,0.0467,0.0474,0.047,0.0486,0.04972,0.0514
41553,0,0.0082,0.0492,0.0489,0.0492,0.0502,0.051,0.0522
41546,0.0475,0.0478166666666667,0.0494,0.0496,0.0501,0.0508,0.05136,0.0522
41539,0.0475,0.0478166666666667,0.0494,0.0497,0.0503,0.0511,0.0517,0.0526
41532,0.0475,0.0478,0.0493,0.0507,0.0513,0.052,0.05232,0.0528
41525,0.0475,0.0480333333333333,0.0507,0.0515,0.0517,0.052,0.05232,0.0528
41518,0.0475,0.04775,0.049,0.0495,0.05,0.0515,0.05186,0.0524
41511,0,0.00816666666666667,0.049,0.0498,0.0503,0.0518,0.05224,0.0529
41504,0,0.00811666666666667,0.0487,0.0491,0.0504,0.0514,0.05192,0.0527
41497,0,0.00813333333333333,0.0488,0.0488,0.0498,0.0511,0.05178,0.0528
41490,0,0.008,0.048,0.0485,0.0494,0.0509,0.05166,0.0528
41483,0.0488,0.0486666666666667,0.048,0.0486,0.0492,0.0511,0.0517,0.0526
41476,0.0488,0.0486166666666667,0.0477,0.0495,0.0504,0.052,0.05236,0.0529
41469,0.0488,0.0487,0.0482,0.0499,0.051,0.0521,0.05262,0.0534
41462,0.0488,0.04865,0.0479,0.0485,0.0497,0.0509,0.05138,0.0521
41455,0.0491,0.049,0.0485,0.0491,0.0507,0.052,0.05244,0.0531
41448,0.0491,0.0489333333333333,0.0481,0.0503,0.0509,0.0525,0.05294,0.0536
41441,0.0491,0.0491333333333333,0.0493,0.0508,0.0514,0.053,0.05332,0.0538
41182,0.0496,0.05,0.052,0.0524,0.0527,0.0537,0.0539,0.0542
41175,0.0496,0.0499833333333333,0.0519,0.0525,0.0522,0.0535,0.0537,0.054
41168,0.0496,0.0500333333333333,0.0522,0.0523,0.0531,0.0535,0.05378,0.0542
41161,0.0496,0.05005,0.0523,0.0529,0.0532,0.0537,0.05406,0.0546
41154,0.0496,0.0499833333333333,0.0519,0.0522,0.0531,0.0524,0.05264,0.053
41147,0,0.0086,0.0516,0.052,0.0524,0.0528,0.05292,0.0531
41140,0,0.00866666666666667,0.052,0.0525,0.0528,0.0529,0.05306,0.0533
41133,0,0.00866666666666667,0.052,0.0528,0.0531,0.0531,0.05338,0.0538
41126,0,0.00855,0.0513,0.0517,0.0522,0.0529,0.05298,0.0531
41119,0,0.00841666666666667,0.0505,0.0509,0.0517,0.0519,0.05214,0.0525
41112,0,0.00833333333333333,0.05,0.0499,0.0501,0.051,0.05132,0.0518
41105,0,0.00833333333333333,0.05,0.0501,0.05,0.0512,0.05144,0.0518
41098,0,0.0083,0.0498,0.0501,0.05,0.051,0.05128,0.0517
41091,0,0.00825,0.0495,0.0496,0.0498,0.0504285714285714,0.0510571428571429,0.052
41084,0,0.00838333333333333,0.0503,0.0501,0.0505,0.0519,0.05242,0.0532
41077,0,0.00836666666666666,0.0502,0.0509,0.0509,0.0522,0.05272,0.0535
41070,0,0.00825,0.0495,0.0506,0.0513,0.0524,0.05284,0.0535
41063,0,0.00818333333333333,0.0491,0.0507,0.0519,0.0521,0.05274,0.0537
41056,0.0516,0.0511666666666667,0.049,0.0496,0.05,0.0506,0.05136,0.0525
41049,0.0516,0.0513166666666667,0.0499,0.0506,0.0517,0.052,0.0524,0.053
41042,0.0516,0.0515666666666667,0.0514,0.0516,0.0524,0.0527,0.0533,0.0542
41035,0.0516,0.0522333333333333,0.0554,0.054,0.0557,0.0559,0.0561,0.0564
41028,0.0505,0.0509833333333333,0.0534,0.0542,0.0568,0.0559,0.0563,0.0569
41021,0.0505,0.0509666666666667,0.0533,0.0544,0.0558,0.0563,0.05666,0.0572
41014,0.0505,0.0510166666666667,0.0536,0.0544,0.0565,0.0567,0.05726,0.0581
41007,0.0505,0.0512166666666667,0.0548,0.0567,0.0566,0.0577,0.05822,0.059
41000,0.0505,0.0513166666666667,0.0554,0.0567,0.0569,0.0569,0.05782,0.0592
40993,0.0507,0.0513666666666667,0.0547,0.0576,0.0586,0.058,0.05884,0.0601
40986,0.0507,0.05144,0.05514,0.055835,0.05653,0.05792,0.05866,0.05977
40979,0.0507,0.0513016666666667,0.05431,0.055185,0.05606,0.05781,0.05851,0.05956
40972,0.0507,0.051115,0.05319,0.0538325,0.054475,0.05576,0.05428,0.05206
40965,0.0498,0.0503633333333333,0.05318,0.05349,0.0538,0.05442,0.055448,0.05699
40958,0.0498,0.05016,0.05196,0.0526525,0.053345,0.05473,0.053662,0.05206
40951,0.0498,0.0497833333333333,0.0497,0.0501875,0.050675,0.05165,0.051814,0.05206
40944,0.0498,0.0497483333333333,0.04949,0.0499275,0.050365,0.05124,0.051568,0.05206
40937,0.0484,0.0484116666666667,0.04847,0.0489575,0.049445,0.05042,0.051076,0.05206
40930,0.0484,0.0482933333333333,0.04776,0.0480675,0.048375,0.04899,0.049482,0.05022
40923,0.0484,0.048685,0.05011,0.050725,0.05134,0.05257,0.053058,0.05379
40916,0.0484,0.048565,0.04939,0.050185,0.05098,0.05257,0.053058,0.05379
40909,0.0484,0.0485316666666667,0.04919,0.05032,0.05011,0.05063,0.05145,0.05268
40902,0,0.01294,0.07764,0.06187,0.05005,0.05599,0.05585,0.05564
40895,0,0.0127266666666667,0.07636,0.06186,0.06371,0.05646,0.056328,0.05613
40888,0,0.0124883333333333,0.07493,0.06051,0.06196,0.05598,0.055968,0.05595
40881,0,0.0108466666666667,0.06508,0.06066,0.06235,0.05618,0.05638,0.05668
40874,0.0511,0.0531383333333333,0.06333,0.05993,0.06126,0.05695,0.057006,0.05709
40867,0.0511,0.0527766666666667,0.06116,0.05829,0.06013,0.05511,0.055706,0.0566
40860,0.0511,0.0527633333333333,0.06108,0.05839,0.06162,0.05767,0.057742,0.05785
40853,0.0511,0.0525283333333333,0.05967,0.05728,0.05965,0.05739,0.05759,0.05789
40846,0.0514,0.050425,0.04555,0.05656,0.06018,0.0559,0.056448,0.05727
40839,0.0514,0.050305,0.04483,0.05491,0.0592,0.05215,0.05423,0.05735
40832,0.0514,0.0516333333333333,0.0528,0.05164,0.05488,0.05112,0.051852,0.05295
40825,0.0514,0.0513916666666667,0.05135,0.0482,0.05517,0.05112,0.051648,0.05244
40818,0.0514,0.0509316666666667,0.04859,0.04775,0.05338,0.04806,0.049692,0.05214
40811,0.0528,0.0524583333333333,0.05075,0.06046,0.05451,0.05108,0.051532,0.05221
40804,0.0528,0.05276,0.05256,0.04843,0.04918,0.05124,0.051012,0.05067
40797,0.0528,0.0527933333333333,0.05276,0.04979,0.05014,0.05011,0.05073,0.05166
40790,0.0528,0.0528066666666667,0.05284,0.04994,0.04964,0.04872,0.04934,0.05027
40783,0.0535,0.0534116666666667,0.05297,0.05013,0.05014,0.05013,0.050314,0.05059
40776,0.0535,0.0534283333333333,0.05307,0.05195,0.05271,0.05257,0.052442,0.05225
40769,0.0535,0.0541433333333333,0.05736,0.05373,0.05435,0.05523,0.05547,0.05583
40762,0.0535,0.0541466666666667,0.05738,0.05414,0.05462,0.0555,0.055944,0.05661
40755,0.0556,0.0556766666666667,0.05606,0.05597,0.0568,0.05726,0.057588,0.05808
40748,0.0556,0.0559933333333333,0.05796,0.05951,0.06052,0.06053,0.06077,0.06113
40741,0.0556,0.0560033333333333,0.05802,0.05953,0.06052,0.0605,0.060832,0.06133
40181,0.0046,0.00840166666666667,0.02741,0.03729,0.04,0.05203,0.056274,0.06264
40174,0.0048,0.00530666666666667,0.00784,0.0267,0.03751,0.05251,0.05685,0.06336
40167,0.0048,0.0058,0.0108,0.02707,0.03652,0.04955,0.054654,0.06231
40160,0.0048,0.00567666666666667,0.01006,0.02691,0.03671,0.05016,0.05498,0.06221
40153,0.0048,0.00553333333333333,0.0092,0.03093,0.03912,0.05353,0.057382,0.06316
40146,0.0048,0.005545,0.00927,0.03075,0.03944,0.05363,0.056494,0.06079
40139,0.0048,0.005555,0.00933,0.03021,0.04051,0.05368,0.056792,0.06146
40132,0.0048,0.00563333333333333,0.0098,0.03016,0.04052,0.05308,0.056416,0.06142
40125,0.0048,0.005775,0.01065,0.03004,0.04065,0.04767,0.052598,0.05999
40118,0.0048,0.00603833333333333,0.01223,0.03083,0.04006,0.04778,0.0527,0.06008
40111,0.0049,0.00588666666666667,0.01082,0.03127,0.03959,0.04788,0.052376,0.05912
40104,0.0049,0.00590833333333333,0.01095,0.03071,0.0387,0.0508,0.053964,0.05871
40097,0.0049,0.00587,0.01072,0.03048,0.03947,0.05092,0.053964,0.05853
40090,0.0049,0.00609,0.01204,0.0308,0.04007,0.05162,0.054756,0.05946
40083,0.0049,0.00585666666666667,0.01064,0.02707,0.03627,0.05019,0.05353,0.05854
40076,0.0049,0.006085,0.01201,0.02325,0.03415,0.04921,0.05279,0.05816
40069,0.0049,0.00648333333333333,0.0144,0.02566,0.03675,0.05022,0.053896,0.05941
40062,0.0049,0.00598166666666667,0.01139,0.02362,0.03487,0.04897,0.052778,0.05849
40055,0.0046,0.00563666666666667,0.01082,0.01994,0.03038,0.04754,0.050692,0.05542
40048,0.0046,0.00555333333333333,0.01032,0.01758,0.02879,0.04599,0.049722,0.05532
40041,0.0046,0.00560666666666667,0.01064,0.01334,0.02795,0.04358,0.048276,0.05532
40034,0.0046,0.00505,0.0073,0.01298,0.02794,0.04334,0.047956,0.05488
40027,0.0046,0.00529,0.00874,0.0149,0.02793,0.04329,0.048038,0.05516
40020,0.006,0.00725666666666667,0.01354,0.02231,0.0349,0.04532,0.050224,0.05758
40013,0.006,0.00743666666666667,0.01462,0.02257,0.03349,0.04621,0.050814,0.05772
40006,0.006,0.00721,0.01326,0.02316,0.03337,0.04405,0.048382,0.05488
39999,0.006,0.00743,0.01458,0.02485,0.0349,0.04398,0.04828,0.05473
39992,0.0108,0.0120283333333333,0.01817,0.02745,0.03801,0.04769,0.051562,0.05737
39985,0.0108,0.0125216666666667,0.02113,0.029,0.03944,0.04956,0.053304,0.05892
39978,0.0108,0.012405,0.02043,0.0263,0.03782,0.04811,0.051678,0.05703
39971,0.0108,0.01208,0.01848,0.0286,0.03726,0.04931,0.052738,0.05788
39964,0.012,0.0132116666666667,0.01927,0.02897,0.03603,0.04853,0.05249,0.05843
39957,0.012,0.0127366666666667,0.01642,0.02603,0.03871,0.04614,0.05104,0.05839
39950,0.012,0.013005,0.01803,0.02465,0.03543,0.04445,0.04929,0.05655
39943,0.012,0.0132366666666667,0.01942,0.02657,0.03894,0.04601,0.050574,0.05742
39936,0.012,0.013035,0.01821,0.02612,0.03654,0.0465,0.049788,0.05472
39929,0.0189,0.01872,0.01782,0.02844,0.03586,0.04395,0.047678,0.05327
39922,0.0189,0.0191416666666667,0.02035,0.02826,0.03476,0.04445,0.047894,0.05306
39915,0.0189,0.019275,0.02115,0.0287,0.03572,0.04611,0.049318,0.05413
39908,0.0189,0.019445,0.02217,0.02939,0.03675,0.04718,0.049732,0.05356
39901,0.0262,0.0256683333333333,0.02301,0.0303,0.03816,0.04779,0.050718,0.05511
39894,0.0262,0.025785,0.02371,0.03456,0.03785,0.04654,0.048824,0.05225
39887,0.0262,0.026105,0.02563,0.03427,0.03813,0.04863,0.050334,0.05289
39880,0.0262,0.0257583333333333,0.02355,0.02894,0.03286,0.03813,0.041082,0.04551
39873,0.0262,0.0260666666666667,0.0254,0.03284,0.03347,0.03846,0.040876,0.0445
39866,0.0443,0.0419116666666667,0.02997,0.03408,0.03591,0.03895,0.04111,0.04435
39859,0.0443,0.04249,0.03344,0.03769,0.03871,0.04121,0.043218,0.04623
39852,0.0443,0.0434666666666667,0.0393,0.03896,0.04256,0.04265,0.044746,0.04789
39845,0.0443,0.0438966666666667,0.04188,0.04486,0.04651,0.04663,0.048222,0.05061
39838,0.0674,0.06466,0.05096,0.05153,0.04954,0.05033,0.051466,0.05317
39831,0.0674,0.0653583333333333,0.05515,0.05524,0.05528,0.05384,0.054044,0.05435